-0.000000 1.000000 0.000000
-0.439210 -0.000000 0.898384
0.898384 0.000000 0.439210
-0.125333 0.992115 -0.000000
-0.435747 -0.055048 0.898384
0.891300 0.112598 0.439210
-0.248690 0.968583 -0.000000
-0.425412 -0.109227 0.898384
0.870160 0.223419 0.439210
-0.368125 0.929776 -0.000000
-0.408367 -0.161684 0.898384
0.835297 0.330717 0.439210
-0.481754 0.876307 -0.000000
-0.384883 -0.211591 0.898384
0.787260 0.432800 0.439210
-0.587785 0.809017 -0.000000
-0.355328 -0.258161 0.898384
0.726808 0.528057 0.439210
-0.684547 0.728969 0.000000
-0.320170 -0.300660 0.898384
0.654894 0.614986 0.439210
-0.770513 0.637424 0.000000
-0.279963 -0.338417 0.898384
0.572652 0.692217 0.439210
-0.844328 0.535827 0.000000
-0.235340 -0.370837 0.898384
0.481378 0.758531 0.439210
-0.904827 0.425779 -0.000000
-0.187007 -0.397409 0.898384
0.382514 0.812882 0.439210
-0.951056 0.309017 0.000000
-0.135723 -0.417714 0.898384
0.277616 0.854414 0.439210
-0.982287 0.187381 0.000000
-0.082300 -0.431430 0.898384
0.168340 0.882472 0.439210
-0.998027 0.062790 0.000000
-0.027578 -0.438343 0.898384
0.056410 0.896612 0.439210
-0.998027 -0.062790 -0.000000
0.027578 -0.438343 0.898384
-0.056410 0.896612 0.439210
-0.982287 -0.187381 -0.000000
0.082300 -0.431430 0.898384
-0.168340 0.882472 0.439210
-0.951056 -0.309017 -0.000000
0.135723 -0.417714 0.898384
-0.277616 0.854414 0.439210
-0.904827 -0.425779 0.000000
0.187007 -0.397409 0.898384
-0.382514 0.812882 0.439210
-0.844328 -0.535827 -0.000000
0.235340 -0.370837 0.898384
-0.481378 0.758531 0.439210
-0.770513 -0.637424 -0.000000
0.279963 -0.338417 0.898384
-0.572652 0.692217 0.439210
-0.684547 -0.728969 -0.000000
0.320170 -0.300660 0.898384
-0.654894 0.614986 0.439210
-0.587785 -0.809017 0.000000
0.355328 -0.258161 0.898384
-0.726808 0.528057 0.439210
-0.481754 -0.876307 0.000000
0.384883 -0.211591 0.898384
-0.787260 0.432800 0.439210
-0.368125 -0.929776 0.000000
0.408367 -0.161684 0.898384
-0.835297 0.330717 0.439210
-0.248690 -0.968583 0.000000
0.425412 -0.109227 0.898384
-0.870160 0.223419 0.439210
-0.125333 -0.992115 0.000000
0.435747 -0.055048 0.898384
-0.891300 0.112598 0.439210
-0.000000 -1.000000 -0.000000
0.439210 -0.000000 0.898384
-0.898384 0.000000 0.439210
0.125333 -0.992115 0.000000
0.435747 0.055048 0.898384
-0.891300 -0.112597 0.439210
0.248690 -0.968583 -0.000000
0.425411 0.109227 0.898384
-0.870160 -0.223419 0.439210
0.368125 -0.929776 -0.000000
0.408367 0.161684 0.898384
-0.835297 -0.330717 0.439210
0.481754 -0.876307 0.000000
0.384883 0.211591 0.898384
-0.787260 -0.432800 0.439210
0.587785 -0.809017 0.000000
0.355329 0.258161 0.898384
-0.726808 -0.528057 0.439210
0.684547 -0.728969 -0.000000
0.320170 0.300660 0.898384
-0.654894 -0.614986 0.439210
0.770513 -0.637424 -0.000000
0.279963 0.338417 0.898384
-0.572652 -0.692217 0.439210
0.844328 -0.535827 0.000000
0.235341 0.370837 0.898384
-0.481378 -0.758531 0.439210
0.904827 -0.425779 -0.000000
0.187007 0.397409 0.898384
-0.382513 -0.812882 0.439210
0.951057 -0.309017 -0.000000
0.135723 0.417714 0.898384
-0.277616 -0.854414 0.439210
0.982287 -0.187381 0.000000
0.082300 0.431430 0.898384
-0.168340 -0.882472 0.439210
0.998027 -0.062791 -0.000000
0.027578 0.438343 0.898384
-0.056410 -0.896612 0.439210
0.998027 0.062791 0.000000
-0.027578 0.438343 0.898384
0.056410 -0.896612 0.439210
0.982287 0.187381 -0.000000
-0.082300 0.431430 0.898384
0.168340 -0.882472 0.439210
0.951057 0.309017 0.000000
-0.135723 0.417714 0.898384
0.277616 -0.854414 0.439210
0.904827 0.425779 0.000000
-0.187007 0.397409 0.898384
0.382513 -0.812882 0.439210
0.844328 0.535827 -0.000000
-0.235341 0.370837 0.898384
0.481378 -0.758531 0.439210
0.770513 0.637424 0.000000
-0.279963 0.338417 0.898384
0.572652 -0.692217 0.439210
0.684547 0.728969 0.000000
-0.320170 0.300660 0.898384
0.654894 -0.614986 0.439210
0.587785 0.809017 -0.000000
-0.355329 0.258161 0.898384
0.726808 -0.528057 0.439210
0.481754 0.876307 -0.000000
-0.384883 0.211591 0.898384
0.787260 -0.432800 0.439210
0.368125 0.929776 0.000000
-0.408367 0.161684 0.898384
0.835297 -0.330717 0.439210
0.248690 0.968583 0.000000
-0.425411 0.109227 0.898384
0.870160 -0.223419 0.439210
0.125333 0.992115 -0.000000
-0.435747 0.055048 0.898384
0.891300 -0.112597 0.439210
