fx = 563.4218497440345
fy = 563.4218497440345
cx = 408
cy = 306