0.89262403 -0.00423757 -0.45078196
-0.23597282 0.84762582 -0.47523394
0.38410827 0.53057753 0.75561123
0.88871928 0.06308878 -0.45409014
-0.33948906 0.75621330 -0.55936448
0.30809938 0.65127663 0.69347929
0.86086639 0.02285326 -0.50831760
-0.26363229 0.87448122 -0.40716165
0.43520922 0.48452071 0.75883635
0.98058391 0.05138039 -0.18924916
-0.15362760 0.80106507 -0.57852685
0.12187596 0.59636802 0.79340496
0.99805615 0.04035936 -0.04748727
-0.06097482 0.78990681 -0.61018792
0.01288372 0.61189733 0.79083226
0.98738905 0.15831258 0.00000011
-0.11271238 0.70298298 -0.70221852
-0.11117010 0.69336286 0.71196148
0.93252403 0.07934346 0.35228333
0.17587658 0.75223838 -0.63498414
-0.31538288 0.65409635 0.68752571
0.91368341 0.11934833 0.38850817
0.20832142 0.68326555 -0.69982167
-0.34897680 0.72035002 0.59942559
0.90532328 0.13505788 0.40267745
0.20158841 0.69785613 -0.68728373
-0.37383401 0.70338907 0.60455930
0.86381227 0.16378126 0.47644943
0.28998427 0.61170275 -0.73602233
-0.41199209 0.77394796 0.48090235
0.89963791 0.10206252 0.42454077
0.34199394 0.43978203 -0.83044079
-0.27146229 0.89228639 0.36073983
0.90260996 0.10675222 0.41701226
0.29730844 0.54596867 -0.78327894
-0.31129239 0.83097664 0.46105842
0.86366536 0.15621857 0.47924722
0.34513046 0.50967777 -0.78810756
-0.36737870 0.84606402 0.38627525
0.74909437 0.18625573 0.63574085
0.41485753 0.61629272 -0.66938517
-0.51647928 0.76517454 0.38439182
-0.88224042 0.20676099 -0.42296777
-0.12959732 0.75704078 0.64038565
0.45261063 0.61978960 -0.64109631
-0.90804090 0.20350462 -0.36612512
-0.08039754 0.77313154 0.62912944
0.41109362 0.60071082 -0.68567379
-0.97180747 0.22645757 -0.06562931
0.11665888 0.70372866 0.70082571
0.20489251 0.67341142 -0.71030706
-0.96202196 0.21797011 0.16432524
0.26201039 0.56845437 0.77987831
0.07657876 0.79331498 -0.60397602
-0.84429114 -0.00113718 0.53588355
0.51506729 0.27429319 0.81207693
-0.14791268 0.96164544 -0.23099759
-0.42692839 -0.06150135 0.90219163
0.77621473 0.48691368 0.40050688
-0.46392116 0.87128219 -0.16013902
0.42627782 -0.14210753 -0.89336033
-0.77640511 0.44931168 -0.44194357
0.46420074 0.88200026 0.08119859
-0.70756509 0.44412095 -0.54964372
-0.45661352 0.30627777 0.83528320
0.53931042 0.84199199 -0.01391983
-0.72536909 0.16948656 0.66716863
0.66768103 -0.06254623 0.74181535
0.16745662 0.98354577 -0.06779386
-0.30499769 0.02089710 -0.95212379
-0.63164609 0.74378093 0.21866218
0.71274092 0.66809673 -0.21365190
-0.54457903 0.04424456 -0.83754170
-0.54884409 0.73630383 0.39576110
0.63419543 0.67520300 -0.37669226
0.13543160 -0.02930476 -0.99035323
-0.66092512 0.74199608 -0.11233786
0.73813025 0.66976342 0.08112146
0.03495374 -0.04983561 0.99814560
0.72113998 0.69272651 0.00933322
-0.69190705 0.71947647 0.06015183
0.04906473 -0.08447489 0.99521688
0.73752478 0.67499553 0.02093385
-0.67353533 0.73297000 0.09542080
0.69054601 -0.07660055 -0.71922081
-0.41495637 0.77249671 -0.48068706
0.59241660 0.63038178 0.50165863
