fx = 564.46004231775
fy = 564.46004231775
cx = 408
cy = 306