0.91195267 -0.30648894 -0.27277619
-0.04298786 0.58979573 -0.80640749
0.40803721 0.74713153 0.52469049
0.93561774 -0.35301478 0.00000006
0.22703882 0.60173542 -0.76574660
0.27031983 0.71644612 0.64314240
0.92991589 -0.32546527 -0.17125653
0.04935649 0.57188879 -0.81884501
0.36444530 0.75300437 0.54787229
-0.56213864 0.05041963 -0.82550470
-0.52114589 0.75344947 0.40090006
0.64218931 0.65556979 -0.39726708
-0.77400476 0.02602121 -0.63264486
-0.32513287 0.84103590 0.43237395
0.54332794 0.54035313 -0.64250544
-0.83212553 -0.17600837 -0.52591649
-0.21206336 0.97721905 0.00848918
0.51244145 0.11859168 -0.85049384
-0.68328816 -0.25720921 -0.68334524
-0.24470961 0.96244180 -0.11757119
0.68792041 0.08688615 -0.72056665
-0.43890658 -0.32290040 -0.83850840
-0.37502549 0.91385985 -0.15561508
0.81652734 0.24616154 -0.52219499
0.59947401 -0.14945256 -0.78631727
-0.34682985 0.83688323 -0.42348023
0.72134594 0.52658370 0.44985514
0.97188065 -0.21251430 0.10141835
0.19470033 0.48300184 -0.85369842
0.13243787 0.84943916 0.51079675
0.87113238 -0.31707345 -0.37495707
-0.25525918 0.35991005 -0.89738927
0.41948913 0.87745609 0.23259339
0.80253997 -0.41950129 -0.42420309
-0.29064190 0.34604277 -0.89206596
0.52101524 0.83920979 0.15578850
0.74027042 -0.46707273 -0.48357291
-0.30481306 0.40792964 -0.86062907
0.59924010 0.78449759 0.15960838
0.90246571 -0.31363310 0.29527938
0.43048037 0.63187683 -0.64452954
0.01556560 0.70877779 0.70526007
-0.98551414 0.11818678 -0.12162960
0.05617506 0.90418594 0.42342904
0.16001949 0.41046276 -0.89772718
0.69491989 -0.12613805 0.70793752
0.69186126 0.38561923 -0.61043084
-0.19599577 0.91399508 0.35524450
0.78561778 -0.17001428 0.59489481
0.58874669 0.50102585 -0.63431099
-0.19021575 0.84856835 0.49371017
0.65919231 0.00222743 0.75197110
0.75169541 0.02528536 -0.65902554
-0.02048180 0.99967779 0.01499356
0.74061010 0.12557647 0.66009637
0.66097600 0.04054754 -0.74931077
-0.12086109 0.99125499 -0.05297312
0.45419832 0.06490568 0.88853314
0.81097392 0.38275939 -0.44251164
-0.36881592 0.92156525 0.12121186
0.55602073 0.05342246 0.82944981
0.69849720 0.51084399 -0.50113878
-0.45049152 0.85801192 0.24672441
0.81523609 -0.23284910 -0.53025598
-0.14164064 0.80763603 -0.57241766
0.56154077 0.54176134 0.62543314
0.57602285 0.37514150 0.72626891
0.76355898 0.07028269 -0.64190188
-0.29184816 0.92429930 -0.24595822
0.70061391 0.43204967 0.56786726
0.68782149 -0.19718712 -0.69858345
-0.18984665 0.88002859 -0.43532509
